4294967278,0
4294967279,6
4294967279,4
4294967279,0
4294967294,5
4294967279,162
4294967294,17
4294967294,82
4294967294,22
4294967294,91
4294967294,90
4294967294,87
4294967294,86
4294967294,85
4294967294,84
4294967294,419
4294967294,52
4294967294,53
4294967294,27
4294967294,1175
4294967294,1017
4294967294,1016
4294967294,1422
4294967294,38
4294967294,83
4294967294,93
4294967294,94
4294967294,95
4294967294,96
4294967294,7
4294967294,6
4294967294,67
4294967294,36
4294967294,41
4294967294,417
4294967294,8
4294967294,9
4294967294,81
4294967294,92
4294967294,88
4294967294,1419
4294967294,1098
4294967294,25
4294967294,1018
4294967294,413
4294967294,26
4294967293,131
4294967293,130
4294967293,129
4294967293,128
4294967293,127
4294967293,126
4294967293,125
4294967293,124
4294967293,123
4294967293,122
4294967293,121
4294967293,120
4294967293,119
4294967293,118
4294967293,117
4294967293,116
4294967293,115
4294967293,114
4294967293,113
4294967293,112
4294967293,111
4294967293,110
4294967293,109
4294967293,108
4294967293,107
4294967293,106
4294967293,105
4294967293,104
4294967293,103
4294967293,102
4294967293,101
4294967293,100
4294967293,99
4294967293,98
4294967293,97
4294967293,96
4294967293,95
4294967293,94
4294967293,93
4294967293,92
4294967293,91
4294967293,90
4294967293,89
4294967293,87
4294967293,86
4294967293,85
4294967293,84
4294967293,83
4294967293,82
4294967293,81
4294967293,80
4294967293,79
4294967293,78
4294967293,77
4294967293,76
4294967293,75
4294967293,74
4294967293,73
4294967293,72
4294967293,71
4294967293,70
4294967293,69
4294967293,68
4294967293,67
4294967293,66
4294967293,65
4294967293,64
4294967293,63
4294967293,62
4294967293,61
4294967293,60
4294967293,59
4294967293,58
4294967293,57
4294967293,56
4294967293,55
4294967293,54
4294967293,53
4294967293,52
4294967293,51
4294967293,50
4294967293,49
4294967293,48
4294967293,47
4294967293,46
4294967293,45
4294967293,44
4294967293,43
4294967293,42
4294967293,41
4294967293,40
4294967294,1005
4294967293,39
4294967293,38
4294967293,37
4294967293,36
4294967293,35
4294967293,34
4294967293,33
4294967293,32
4294967293,31
4294967293,30
4294967293,29
4294967293,28
4294967293,27
4294967293,26
4294967293,25
4294967293,24
4294967293,23
4294967293,22
4294967293,21
4294967293,20
4294967293,19
4294967293,18
4294967293,17
4294967293,16
4294967293,15
4294967293,14
4294967293,13
4294967293,12
4294967293,11
4294967293,10
4294967293,9
4294967293,8
4294967293,7
4294967293,6
4294967293,5
4294967293,4
4294967293,3
4294967278,365
4294967294,414
4294967294,403
4294967278,364
4294967294,384
4294967294,168
4294967278,419
4294967278,363
4294967278,9
4294967278,8
4294967278,6
4294967278,4
4294967279,132
4294967279,130
4294967279,129
4294967279,128
4294967279,125
4294967279,124
4294967279,119
4294967279,116
4294967279,115
4294967279,114
4294967279,111
4294967279,109
4294967279,108
4294967279,299
4294967279,107
4294967279,105
4294967279,104
4294967279,370
4294967279,101
4294967279,100
4294967279,326
4294967279,99
4294967279,98
4294967279,96
4294967279,95
4294967279,94
4294967279,93
4294967279,90
4294967279,297
4294967279,295
4294967294,480
4294967279,374
4294967278,219
4294967278,140
573,6
573,5
573,4
573,3
573,2
573,1
4294967278,215
4294967294,999
4294967294,176
4294967278,134
4294967278,287
4294967279,265
4294967279,377
4294967278,265
4294967279,275
4294967279,258
4294967278,262
570,6
570,5
570,4
570,3
570,2
570,1
4294967278,137
4294967278,2
4294967278,88
4294967278,319
4294967279,340
567,7
4294967278,318
4294967279,341
567,6
567,5
567,4
567,3
567,2
567,1
4294967278,208
4294967279,296
4294967279,87
4294967279,198
564,6
564,5
4294967279,194
564,4
564,3
564,2
564,1
4294967294,1421
4294967279,189
4294967278,187
4294967278,186
4294967279,184
4294967278,359
561,4
561,3
561,2
561,1
4294967294,479
4294967278,316
4294967278,439
560,6
4294967279,169
4294967278,170
560,5
560,4
560,3
560,2
560,1
4294967278,362
4294967294,398
4294967294,451
4294967294,112
4294967294,455
4294967294,412
4294967278,263
559,5
559,4
4294967279,160
559,3
559,2
559,1
4294967279,554
4294967278,158
4294967294,478
4294967279,149
558,5
558,4
558,3
558,2
558,1
4294967278,426
4294967279,379
557,5
557,4
557,3
557,2
557,1
4294967294,477
4294967279,222
555,4
4294967278,276
555,3
555,2
555,1
4294967278,315
4294967279,270
4294967278,314
4294967279,268
4294967278,313
4294967278,393
4294967278,312
4294967278,7
4294967279,523
4294967279,255
4294967278,349
4294967279,127
4294967279,522
4294967279,541
4294967278,254
4294967279,284
4294967279,121
554,6
554,5
554,4
554,2
554,1
4294967279,113
4294967278,222
4294967294,162
4294967294,1007
4294967279,212
4294967279,208
551,6
551,5
551,4
551,2
551,1
4294967279,308
4294967278,391
4294967278,311
4294967279,196
4294967278,193
4294967279,519
4294967279,517
548,7
4294967278,323
4294967279,259
548,6
548,5
548,4
548,2
548,1
4294967294,465
4294967278,164
4294967279,164
4294967278,163
4294967279,163
4294967278,440
4294967278,157
4294967278,154
545,6
545,5
545,4
545,2
545,1
4294967278,148
4294967278,146
4294967279,145
4294967278,142
4294967279,140
542,4
542,3
542,2
542,1
4294967279,307
541,6
4294967294,1093
541,5
541,4
541,3
541,2
541,1
4294967278,269
540,5
540,4
540,3
540,2
540,1
539,5
539,4
539,3
539,2
539,1
538,5
4294967279,120
4294967278,370
538,4
538,3
538,2
538,1
4294967294,405
4294967294,418
4294967294,464
4294967294,118
4294967279,118
4294967279,244
4294967278,237
4294967279,236
536,4
536,3
536,2
536,1
4294967279,332
4294967279,516
4294967279,106
4294967278,355
4294967279,103
4294967279,343
4294967279,515
4294967294,1091
4294967294,1015
4294967279,514
4294967278,358
4294967278,443
4294967278,442
4294967278,418
4294967278,441
4294967278,5
4294967279,131
4294967279,126
4294967279,122
4294967279,117
4294967279,112
4294967279,110
4294967279,290
4294967279,102
4294967279,285
4294967279,92
4294967279,91
4294967279,89
4294967279,346
4294967279,335
4294967279,97
4294967278,380
4294967279,207
4294967279,558
4294967279,193
535,6
4294967278,192
535,5
535,4
4294967278,191
535,2
535,1
4294967278,310
4294967279,513
4294967279,174
4294967279,188
4294967279,187
4294967278,309
4294967278,181
4294967279,181
4294967278,177
4294967278,176
4294967279,527
4294967279,173
4294967278,171
4294967279,289
4294967279,170
4294967278,168
4294967278,167
532,6
532,5
532,4
4294967279,166
532,2
532,1
4294967279,294
4294967278,165
4294967279,293
4294967278,162
4294967278,161
4294967278,330
4294967279,159
4294967279,158
4294967279,157
4294967278,156
4294967278,155
4294967278,153
4294967278,152
4294967279,151
4294967279,572
4294967279,380
4294967278,308
4294967278,147
529,7
4294967278,390
4294967294,180
4294967279,512
4294967279,144
4294967279,251
4294967278,245
4294967279,143
4294967278,143
4294967279,551
4294967279,141
4294967278,139
529,6
529,5
4294967278,138
529,4
529,2
529,1
4294967278,396
4294967278,307
4294967279,246
4294967279,242
4294967279,280
4294967278,273
4294967279,277
4294967278,270
4294967279,261
4294967278,392
4294967279,330
4294967278,436
4294967278,261
4294967279,254
4294967279,253
526,6
526,5
526,4
526,2
526,1
4294967278,352
4294967279,287
4294967279,247
4294967279,243
4294967279,241
4294967278,240
4294967278,238
523,4
523,3
523,2
523,1
4294967279,233
4294967279,231
4294967278,336
522,6
4294967279,240
522,5
4294967279,221
